[gd_scene load_steps=8 format=3 uid="uid://chjhcqolcr6mg"]

[ext_resource type="Script" path="res://world.gd" id="1_rn40x"]
[ext_resource type="Script" path="res://CameraDev.gd" id="2_duj1x"]
[ext_resource type="Texture2D" uid="uid://dexuqqje805ga" path="res://textures/Map_of_MOBA.svg.png" id="2_dxo36"]
[ext_resource type="PackedScene" uid="uid://c51h0kohfpavr" path="res://player/Player.res" id="4_e0rvi"]

[sub_resource type="StandardMaterial3D" id="StandardMaterial3D_s8g4l"]
albedo_color = Color(0.450648, 0.450648, 0.450648, 1)
albedo_texture = ExtResource("2_dxo36")

[sub_resource type="PlaneMesh" id="PlaneMesh_4peka"]
material = SubResource("StandardMaterial3D_s8g4l")
size = Vector2(150, 150)

[sub_resource type="BoxShape3D" id="BoxShape3D_eqa77"]

[node name="World" type="Node3D"]
script = ExtResource("1_rn40x")

[node name="CameraDev" type="Camera3D" parent="."]
transform = Transform3D(0.99984, -0.00522451, 0.017102, 0.00171029, 0.979923, 0.199368, -0.0178003, -0.199307, 0.979775, 2.08165e-12, 10, 128.853)
fov = 56.1
script = ExtResource("2_duj1x")

[node name="DirectionalLight3D" type="DirectionalLight3D" parent="."]
transform = Transform3D(-0.0104019, 0.91639, -0.400151, 4.49317e-17, 0.400173, 0.91644, 0.999946, 0.00953275, -0.00416258, 0, 14.751, 0)
light_energy = 6.18

[node name="MeshInstance3D2" type="MeshInstance3D" parent="."]
transform = Transform3D(0.707107, 1.60554e-24, 0.707107, 3.48787e-16, 1, -3.48787e-16, -0.707107, 4.93259e-16, 0.707107, 0, 0, 0)
mesh = SubResource("PlaneMesh_4peka")

[node name="StaticBody3D" type="StaticBody3D" parent="MeshInstance3D2"]
transform = Transform3D(0.707107, 3.48787e-16, -0.707107, -1.01519e-23, 1, 4.93259e-16, 0.707107, -3.48787e-16, 0.707107, 0, 0, 0)

[node name="CollisionShape3D" type="CollisionShape3D" parent="MeshInstance3D2/StaticBody3D"]
transform = Transform3D(106.066, 1.60554e-24, 106.066, 5.2318e-14, 1, -5.2318e-14, -106.066, 4.93259e-16, 106.066, -1.70067e-24, -0.48975, -1.70067e-24)
shape = SubResource("BoxShape3D_eqa77")

[node name="Player" parent="." instance=ExtResource("4_e0rvi")]
transform = Transform3D(1, 0, 0, 0, 1, 0, 0, 0, 1, 0.183167, 0.0102501, 90.3981)
